55971
57122
57456
58227
58252
58253
58278
58303
58304
58306
58320
58327
58346
58359
58367
58372
58375
58381
58382
58384
58435
58440
58441
58442
58453
58456
58471
58474
58475
58480
58485
58495
58498
58505
58514
58520
58521
58538
58541
58543
58545
58546
58567
58577
58587
58589
58613
58615
58635
58636
58637
58640
58665
58667
58668
58684
58688
58695
58696
58705
58708
58713
58727
58730
58732
58735
58759
58765
58781
58794
58797
58803
58809
58833
58846
58847
58848
58875
58922
58990
58991
58992
58997
59033
59044
59048
59055
59065
59069
59092
59108
59115
59118
59122
59123
59124
59128
59139
59140
59142
59151
59155
59157
59183
59196
59292
59297
59306
59307
59342
59343
59346
59454
59475
59477
59494
59534
59540
59635
59823
59841
59850
59863
59909
59914
59917
59926
59931
59991
59999
60050
60054
60110
60178
60179
60230
60259
60290
60292
60296
60355
60398
60408
60409
60418
60449
60484
60500
60517
60536
60547
60565
60566
60570
60576
60580
60589
60672
60687
60731
60755
60776
60780
60782
60802
60845
60848
60869
60870
60879
60881
60891
60902
60922
60923
60988
60992
61038
61045
61065
61069
61076
61097
61100
61103
61105
61106
61109
61115
61116
61130
61167
61225
61237
61247
61251
61286
61306
61339
61349
61351
61366
61373
61377
61389
61395
61404
61416
61420
61423
61425
61443
61446
61458
61459
61464
61473
61475
61525
61526
61528
61540
61565
61579
61593
61599
61610
61616
61631
61632
61653
61664
61683
61688
61700
61743
53117
53767
53914
54170
54708
54821
54884
54961
55018
55020
55035
55043
55046
55052
55089
55101
55105
55108
55110
55126
55127
55129
55130
55133
55134
55135
55148
55158
55160
55161
55162
55166
55167
55203
55206
55208
55209
55211
55212
55222
55227
55237
55231
55241
55269
55270
55275
55278
55283
55284
55285
55296
55298
55301
55311
55312
55313
55314
55315
55331
55333
55339
55340
55341
55345
55346
55357
55373
55381
55386
55389
55390
55391
55415
55417
55419
55421
55452
55455
55459
55471
55472
55481
55485
55498
55503
55506
55509
55513
55529
55535
55536
55538
55540
55541
55549
55556
55566
55575
55577
55579
55583
55584
55589
55590
55591
55592
55593
55594
55595
55596
55597
55598
55599
55600
55601
55602
55606
55607
55608
55609
55610
55618
55619
55620
55628
55629
55636
55637
55638
55640
55642
55655
55656
55658
55659
55660
55661
55662
55663
55664
55665
55666
55667
55669
55675
55690
55706
55707
55708
55709
55710
55711
55714
55729
55731
55733
55734
55736
55749
55751
55763
55783
55787
55795
55802
55811
55818
55825
55827
55851
55864
55872
55876
55896
55899
55900
55903
55904
55905
55913
55914
55927
55964
55981
55982
55990
55998
56010
56011
56033
56037
56038
56058
56059
56074
56077
56094
56096
56116
56124
56132
56143
56158
56159
56165
56177
56178
56179
56192
56193
56194
56196
56209
56227
56229
56254
56257
56271
56275
56284
56288
56290
56291
56292
56293
56301
56306
56309
56310
56317
56320
56333
56334
56339
56345
56358
56359
56361
56371
56373
56379
56385
56386
56391
56397
56413
56414
56415
56416
56417
56419
56421
56422
56423
56424
56425
56430
56432
56438
56440
56449
56451
56452
56454
56455
56458
56459
56460
56461
56462
56468
56475
56477
56478
56479
56480
56481
56482
56483
56501
56503
56504
56505
56514
56521
56522
56523
56524
56525
56526
56527
56529
56531
56532
56535
56550
56552
56553
56554
56555
56556
56557
56558
56561
56571
56572
56574
56578
56579
56580
56581
56582
56586
56590
56601
56602
56604
56605
56607
56611
56620
56622
56630
56632
56639
56640
56641
56645
56647
56649
56652
56667
56671
56674
56675
56676
56677
56678
56688
56691
56692
56694
56698
56699
56702
56703
56717
56721
56723
56724
56750
56752
56753
56757
56759
56764
56765
56770
56771
56787
56788
56794
56797
56798
56799
56800
56805
56814
56818
56821
56822
56824
56829
56838
56839
56840
56842
56849
56850
56851
56856
56857
56860
56878
56879
56898
56900
56902
56903
56904
56905
56906
56908
56909
56913
56933
56938
56951
56952
56953
56954
56955
56956
56957
56970
56980
56981
56988
56989
57007
57008
57010
57011
57012
57021
57030
57032
57042
57065
57066
57078
57080
57089
57090
57091
57092
57093
57094
57095
57102
57103
57108
57136
57142
57149
57159
57172
57192
57193
57194
57199
57220
57221
57222
57237
57243
57245
57249
57250
57251
57253
57257
57278
57281
57286
57289
57295
57299
57302
57303
57307
57308
57320
57322
57326
57334
57337
57346
57353
57355
57356
57365
57389
57402
57410
57416
57417
57418
57420
57422
57429
57435
57436
57437
57438
57439
57440
57442
57443
57446
57473
57474
57477
57497
57501
57504
57508
57512
57518
57519
57520
57539
57543
57547
57560
57586
57589
57618
57640
57643
57644
57649
57673
57683
57692
57698
57699
57700
57706
57711
57724
57725
57726
57727
57740
57743
57744
57754
57757
57759
57762
57763
57771
57777
57778
57779
57781
57784
57797
57798
57801
57807
57808
57810
57811
57812
57817
57823
57828
57829
57838
57840
57868
57869
57876
57878
57881
57884
57887
57889
57892
57893
57897
57899
57902
57908
57912
57935
57946
57947
57948
57949
57950
57956
57957
57970
57979
57986
57989
57994
57997
58003
58010
58013
58014
58021
58046
58064
58067
58068
58076
58085
58097
58107
58108
58110
58112
58120
58138
58139
58156
58159
58162
58173
58178
58179
58181
58184
58192
58193
58195
58196
51105
51106
51107
51109
51115
51149
51161
51177
51191
51192
51213
51215
51222
51223
51224
51226
51227
51228
51235
51241
51252
51266
51274
51275
51276
51278
51280
51281
51287
51288
51293
51294
51306
51323
51326
51327
51328
51329
51342
51345
51371
51372
51376
51377
51378
51379
51380
51383
51384
51385
51386
51387
51388
51390
51392
51393
51396
51397
51425
51432
51448
51458
51463
51509
51512
51513
51548
51566
51572
51575
51598
51599
51600
51602
51605
51617
51619
51620
51621
51622
51623
51624
51625
51638
51639
51641
51642
51643
51644
51676
51677
51688
51698
51699
51700
51702
51710
51718
51723
51739
51741
51743
51744
51745
51746
51767
51780
51797
51806
51811
51816
51825
51826
51827
51829
51830
51832
51833
51854
51857
51865
51866
51875
51905
51907
51908
51909
51911
51915
51933
51948
51951
51952
51961
51965
51978
51979
51984
51989
51994
51995
51996
51997
52017
52018
52022
52030
52043
52045
52062
52073
52083
52093
52094
52105
52132
52133
52134
52139
52141
52147
52153
52175
52176
52177
52185
52187
52189
52204
52215
52217
52218
52241
52242
52248
52253
52263
52264
52265
52268
52271
52276
52290
52291
52303
52310
52311
52331
52346
52350
52351
52363
52368
52382
52383
52384
52396
52400
52406
52408
52409
52410
52411
52412
52413
52428
52434
52438
52466
52467
52475
52477
52490
52494
52498
52502
52522
52547
52550
52558
52559
52603
52622
52631
52644
52645
52663
52671
52673
52692
52693
52694
52697
52698
52700
52701
52702
52703
52712
52713
52714
52718
52725
52733
52738
52739
52740
52750
52752
52755
52756
52757
52758
52761
52762
52773
52778
52779
52790
52786
52787
52796
52797
52802
52810
52812
52820
52822
52826
52829
52831
52835
52838
52840
52847
52851
52857
52858
52859
52860
52861
52871
52874
52876
52885
52887
52890
52891
52892
52894
52895
52896
52901
52908
52913
52917
52918
52923
52928
52940
52941
52942
52943
52944
52945
52946
52947
52951
52959
52964
52965
52966
52969
52971
52982
52989
52991
52994
52996
53001
53005
53006
53011
53014
53019
53023
53027
53030
53038
53042
53043
53046
53047
53056
53057
53069
53070
53081
53100
53106
53108
53110
53111
53112
53114
53115
53121
53126
53132
53138
53143
53147
53148
53162
53169
53172
53176
53181
53186
53191
53199
53208
53209
53211
53212
53215
53224
53233
53234
53242
53243
53244
53249
53267
53268
53269
53271
53277
53281
53282
53283
53288
53289
53299
53300
53311
53313
53323
53325
53326
53327
53328
53329
53330
53331
53332
53333
53334
53335
53336
53337
53355
53360
53361
53364
53365
53366
53367
53370
53374
53375
53378
53393
53396
53404
53416
53417
53418
53419
53420
53422
53433
53445
53446
53447
53450
53463
53470
53475
53476
53479
53480
53481
53490
53491
53501
53516
53517
53518
53529
53531
53534
53537
53544
53561
53562
53564
53565
53580
53581
53587
53588
53592
53603
53604
53605
53609
53610
53611
53616
53618
53648
53649
53654
53655
53656
53657
53658
53659
53660
53662
53665
53674
53682
53683
53684
53685
53686
53688
53709
53712
53713
53715
53716
53718
53731
53732
53735
53737
53738
53740
53744
53755
53756
53757
53769
53783
53788
53789
53790
53816
53819
53820
53824
53842
53844
53845
53855
53863
53875
53876
53887
53888
53896
53908
53921
53922
53926
53929
53930
53938
53944
53951
53956
53959
53967
53990
53993
53998
54003
54008
54011
54028
54030
54044
54050
54053
54063
54064
54067
54068
54069
54076
54081
54095
54099
54109
54112
54117
54119
54137
54139
54142
54176
54193
54198
54207
54224
54225
54226
54228
54239
54244
54325
54327
54347
54348
54354
54367
54372
54383
54384
54386
54397
54450
54460
54465
54481
54495
54496
54526
54528
54529
54530
54534
54538
54545
54552
54560
54561
54562
54569
54582
54583
54593
54594
54595
54600
54610
54613
54617
54626
54627
54628
54634
54642
54648
54651
54652
54654
54660
54665
54672
54679
54694
54699
54705
54720
54724
54725
54727
54732
54735
54737
54741
54743
54744
54745
54746
54750
54770
54771
54772
54773
54774
54776
54777
54778
54779
54793
54794
54795
54798
54805
54806
54809
54823
54827
54830
54832
54836
54839
54850
54851
54852
54853
54854
54855
54856
54857
54858
54859
54860
54861
54862
54863
54864
54866
54867
54868
54869
54871
54873
54878
54879
54885
54911
54926
54930
54941
54943
54945
54947
54964
54986
54987
54991
54992
54993
54995
54998
55006
50264
50291
50314
50333
50335
50431
50470
50491
50501
50502
50504
50507
50511
50515
50521
50522
50532
50551
50556
50562
50563
50564
50566
50570
50607
50608
50674
50675
50680
50682
50685
50686
50687
50719
50730
50731
50733
50734
50735
50736
50737
50738
50739
50740
50758
50759
50761
50762
50830
50836
50868
50885
50890
50925
50935
50938
50971
50985
50986
50995
51037
51070
51071
51072
61837
61888
61915
61932
61940
61944
61969
61981
62000
62036
62040
62064
62077
62098
62103
62113
62118
62122
62133
62224
62250
62255
62282
62292
62308
62310
62313
62314
62317
62321